Division,0
Teams,36
Number,Name,School,City,State,Country
6022,TBD - To Be Determined,,,,
519,Ed Too -Pokemon Trainers,,,,
3085,Higgs Bots,,,,
8498,The Evil Purple Sox,,,,
4017,Robopandas,,,,
40,HAX Robotics,,,,
3415,Lancers,,,,
5414,Techie Tornados,,,,
5319,Wolverines,,,,
7176,Bionic Tigers,,,,
4174,Atomic Theory,,,,
9372,Standard Model,,,,
4082,RoboSpartans,,,,
8405,Milburn Robotics,,,,
5069,Robogamers,,,,
5602,Bionic Gaels,,,,
8521,Hard-Hitting Hardware Hooligans,,,,
8645,Robotic Doges,,,,
7117,The Blockheads,,,,
5017,RoboEpic,,,,
4347,NanoGurus,,,,
154,Renegade Robotics,,,,
8227,Enginuity,,,,
8129,Cane Bots,,,,
8390,Nerd Herd,,,,
3540,Roboboogie,,,,
4554,Robo Mustangs,,,,
7244,Out of the Box,,,,
6081,i²robotics,,,,
7350,Watt's NXT?,,,,
6700,X-bots,,,,
6955,Robovines,,,,
310,StuyFission,,,,
5272,Heptahelix,,,,
6037,W.A.G.S.,,,,
7487,Suffern's Super Seven,,,,
Rank,Number,Name,QP,RP,Highest,Matches
1,6022,TBD - To Be Determined,16,3589,727,9
2,519,Ed Too -Pokemon Trainers,16,2189,639,9
3,3085,Higgs Bots,14,3047,674,9
4,8498,The Evil Purple Sox,14,2891,552,9
5,4017,Robopandas,14,2652,492,9
6,40,HAX Robotics,14,2052,661,9
7,3415,Lancers,12,2838,606,9
8,5414,Techie Tornados,12,2750,727,9
9,5319,Wolverines,12,2469,674,9
10,7176,Bionic Tigers,12,2219,559,9
11,4174,Atomic Theory,10,3159,640,9
12,9372,Standard Model,10,3126,567,9
13,4082,RoboSpartans,10,2798,577,9
14,8405,Milburn Robotics,10,2593,577,9
15,5069,Robogamers,10,2511,567,9
16,5602,Bionic Gaels,10,2358,528,9
17,8521,Hard-Hitting Hardware Hooligans,10,2307,559,9
18,8645,Robotic Doges,10,2280,523,9
19,7117,The Blockheads,8,3164,639,9
20,5017,RoboEpic,8,2807,615,9
21,4347,NanoGurus,8,2794,546,9
22,154,Renegade Robotics,8,2546,566,9
23,8227,Enginuity,8,2520,508,9
24,8129,Cane Bots,8,2469,467,9
25,8390,Nerd Herd,8,2467,521,9
26,3540,Roboboogie,8,2416,631,9
27,4554,Robo Mustangs,8,2012,458,9
28,7244,Out of the Box,6,2248,640,9
29,6081,i²robotics,6,2053,563,9
30,7350,Watt's NXT?,6,2050,523,9
31,6700,X-bots,4,2795,512,9
32,6955,Robovines,4,2424,563,9
33,310,StuyFission,4,1020,581,9
34,5272,Heptahelix,2,2433,479,9
35,6037,W.A.G.S.,2,2419,375,9
36,7487,Suffern's Super Seven,2,1847,385,9
Name,Result,Red0,Red1,Red2,Blue0,Blue1,Blue2,RedTot,RedAuto,RedAutoB,RedTele,RedEndG,RedPen,BlueTot,BlueRedAuto,BlueAutoB,BlueTele,BlueEndG,BluePen
Q-1,467-339 R,5069,8129,0,4082,8390,0,467.0,50.0,0.0,235.0,182.0,0.0,339.0,50.0,0.0,149.0,80.0,60.0
Q-2,289-449 B,5017,8405,0,3085,7244,0,289.0,70.0,0.0,179.0,30.0,10.0,449.0,50.0,0.0,127.0,172.0,100.0
Q-3,298-304 B,6955,154,0,4554,4017,0,298.0,80.0,0.0,48.0,90.0,80.0,304.0,20.0,0.0,224.0,60.0,0.0
Q-4,186-508 B,7350,40,0,8498,8227,0,186.0,20.0,0.0,86.0,80.0,0.0,508.0,70.0,0.0,118.0,90.0,230.0
Q-5,639-727 B,519,7117,0,5414,6022,0,639.0,140.0,0.0,257.0,212.0,30.0,727.0,110.0,0.0,335.0,282.0,0.0
Q-6,629-181 R,4174,3540,0,310,8521,0,629.0,80.0,0.0,277.0,242.0,30.0,181.0,20.0,0.0,111.0,30.0,20.0
Q-7,567-208 R,9372,5319,0,6081,8645,0,567.0,20.0,0.0,261.0,226.0,60.0,208.0,30.0,0.0,32.0,146.0,0.0
Q-8,329-438 B,6037,5272,0,7176,6700,0,329.0,20.0,0.0,27.0,282.0,0.0,438.0,110.0,0.0,124.0,204.0,0.0
Q-9,448-385 R,5602,3415,0,7487,4347,0,448.0,20.0,0.0,186.0,192.0,50.0,385.0,20.0,0.0,121.0,184.0,60.0
Q-10,473-469 R,8227,6022,0,5069,7244,0,473.0,80.0,0.0,151.0,232.0,10.0,469.0,110.0,0.0,183.0,176.0,0.0
Q-11,362-91 R,4082,40,0,4554,310,0,362.0,20.0,0.0,204.0,138.0,0.0,91.0,20.0,0.0,51.0,20.0,0.0
Q-12,396-352 R,3085,4017,0,6081,8129,0,396.0,80.0,0.0,114.0,192.0,10.0,352.0,20.0,0.0,120.0,212.0,0.0
Q-13,470-347 R,4174,8405,0,5272,8390,0,470.0,50.0,0.0,218.0,202.0,0.0,347.0,20.0,0.0,61.0,206.0,60.0
Q-14,266-381 B,154,6037,0,5414,7117,0,266.0,20.0,0.0,0.0,226.0,20.0,381.0,20.0,0.0,207.0,154.0,0.0
Q-15,421-606 B,9372,8498,0,519,3415,0,421.0,80.0,0.0,103.0,238.0,0.0,606.0,50.0,0.0,324.0,232.0,0.0
Q-16,523-247 R,8645,7350,0,6700,5602,0,523.0,50.0,0.0,267.0,206.0,0.0,247.0,50.0,0.0,27.0,70.0,100.0
Q-17,559-459 R,8521,7176,0,6955,4347,0,559.0,80.0,0.0,211.0,218.0,50.0,459.0,20.0,0.0,225.0,164.0,50.0
Q-18,477-256 R,5319,5017,0,3540,7487,0,477.0,50.0,0.0,177.0,220.0,30.0,256.0,20.0,0.0,136.0,90.0,10.0
Q-19,454-318 R,6081,4174,0,6037,8227,0,454.0,80.0,0.0,192.0,182.0,0.0,318.0,50.0,0.0,88.0,130.0,50.0
Q-20,40-215 B,310,7244,0,8129,5272,0,40.0,20.0,0.0,0.0,10.0,10.0,215.0,20.0,0.0,11.0,184.0,0.0
Q-21,520-531 B,5602,9372,0,7117,4082,0,520.0,110.0,0.0,178.0,232.0,0.0,531.0,80.0,0.0,219.0,232.0,0.0
Q-22,546-484 R,8405,4347,0,8498,8645,0,546.0,110.0,0.0,234.0,192.0,10.0,484.0,120.0,0.0,234.0,80.0,50.0
Q-23,521-129 R,8390,519,0,40,8521,0,521.0,50.0,0.0,195.0,206.0,70.0,129.0,20.0,0.0,27.0,82.0,0.0
Q-24,186-674 B,4554,6700,0,3085,5319,0,186.0,20.0,0.0,52.0,114.0,0.0,674.0,50.0,0.0,302.0,212.0,110.0
Q-25,471-615 B,6955,3415,0,6022,5017,0,471.0,20.0,0.0,269.0,182.0,0.0,615.0,70.0,0.0,273.0,262.0,10.0
Q-26,144-90 R,7176,154,0,7487,5069,0,144.0,0.0,0.0,18.0,126.0,0.0,90.0,50.0,0.0,0.0,30.0,10.0
Q-27,434-290 R,5414,4017,0,7350,3540,0,434.0,50.0,0.0,152.0,232.0,0.0,290.0,20.0,0.0,108.0,162.0,0.0
Q-28,163-556 B,6037,5602,0,519,40,0,163.0,20.0,0.0,93.0,40.0,10.0,556.0,50.0,0.0,234.0,272.0,0.0
Q-29,430-389 R,8227,3085,0,7117,8521,0,430.0,110.0,0.0,108.0,202.0,10.0,389.0,50.0,0.0,183.0,156.0,0.0
Q-30,467-316 R,5319,3415,0,8129,4174,0,467.0,50.0,0.0,277.0,130.0,10.0,316.0,80.0,0.0,48.0,178.0,10.0
Q-31,345-415 B,4554,6022,0,8645,8390,0,345.0,20.0,0.0,205.0,110.0,10.0,415.0,20.0,0.0,295.0,100.0,0.0
Q-32,92-180 B,4082,7487,0,6955,8405,0,92.0,50.0,0.0,12.0,30.0,0.0,180.0,20.0,0.0,0.0,60.0,100.0
Q-33,502-331 R,5017,5069,0,5414,5272,0,502.0,160.0,0.0,104.0,238.0,0.0,331.0,20.0,0.0,129.0,172.0,10.0
Q-34,102-397 B,310,7350,0,4347,7176,0,102.0,20.0,0.0,0.0,42.0,40.0,397.0,20.0,0.0,135.0,242.0,0.0
Q-35,512-492 R,6700,9372,0,4017,7244,0,512.0,110.0,0.0,168.0,214.0,20.0,492.0,170.0,0.0,100.0,222.0,0.0
Q-36,552-262 R,6081,8498,0,154,3540,0,552.0,50.0,0.0,332.0,100.0,70.0,262.0,40.0,0.0,112.0,10.0,100.0
Q-37,313-355 B,7487,8645,0,8129,40,0,313.0,50.0,0.0,163.0,90.0,10.0,355.0,30.0,0.0,53.0,222.0,50.0
Q-38,377-404 B,5414,6955,0,3415,3085,0,377.0,80.0,0.0,75.0,222.0,0.0,404.0,50.0,0.0,162.0,192.0,0.0
Q-39,479-172 R,8390,5319,0,310,6037,0,479.0,20.0,0.0,217.0,242.0,0.0,172.0,20.0,0.0,0.0,142.0,10.0
Q-40,311-238 R,9372,4347,0,8227,5272,0,311.0,20.0,0.0,69.0,222.0,0.0,238.0,50.0,0.0,22.0,96.0,70.0
Q-41,528-117 R,154,5602,0,8521,7244,0,528.0,20.0,0.0,306.0,202.0,0.0,117.0,20.0,0.0,27.0,50.0,20.0
Q-42,154-566 B,4554,7350,0,5069,519,0,154.0,20.0,0.0,64.0,20.0,50.0,566.0,110.0,0.0,276.0,170.0,10.0
Q-43,322-389 B,7176,7117,0,3540,8405,0,322.0,110.0,0.0,20.0,192.0,0.0,389.0,20.0,0.0,147.0,222.0,0.0
Q-44,440-438 R,4017,8498,0,4174,5017,0,440.0,70.0,0.0,88.0,232.0,50.0,438.0,160.0,0.0,72.0,196.0,10.0
Q-45,491-543 B,6700,6081,0,6022,4082,0,491.0,80.0,0.0,281.0,130.0,0.0,543.0,80.0,0.0,209.0,254.0,0.0
Q-46,377-251 R,8227,8129,0,5602,6955,0,377.0,20.0,0.0,105.0,192.0,60.0,251.0,20.0,0.0,45.0,176.0,10.0
Q-47,140-310 B,7244,7487,0,4554,5414,0,140.0,20.0,0.0,0.0,90.0,30.0,310.0,20.0,0.0,260.0,30.0,0.0
Q-48,374-566 B,8390,7176,0,154,3415,0,374.0,80.0,0.0,22.0,202.0,70.0,566.0,30.0,0.0,304.0,182.0,50.0
Q-49,338-262 R,4017,8521,0,8405,6037,0,338.0,80.0,0.0,62.0,196.0,0.0,262.0,20.0,0.0,182.0,40.0,20.0
Q-50,549-376 R,7117,8498,0,6700,5319,0,549.0,110.0,0.0,137.0,272.0,30.0,376.0,20.0,0.0,228.0,108.0,20.0
Q-51,495-272 R,4347,40,0,6081,5017,0,495.0,50.0,0.0,247.0,198.0,0.0,272.0,20.0,0.0,0.0,182.0,70.0
Q-52,434-383 R,7350,6022,0,4174,9372,0,434.0,80.0,0.0,234.0,120.0,0.0,383.0,20.0,0.0,207.0,156.0,0.0
Q-53,479-577 B,3540,5272,0,4082,519,0,479.0,30.0,0.0,201.0,168.0,80.0,577.0,50.0,0.0,265.0,242.0,20.0
Q-54,355-377 B,5069,8645,0,3085,310,0,355.0,50.0,0.0,159.0,146.0,0.0,377.0,20.0,0.0,141.0,146.0,70.0
Q-55,493-577 B,8227,154,0,5319,8405,0,493.0,50.0,0.0,323.0,120.0,0.0,577.0,20.0,0.0,275.0,262.0,20.0
Q-56,260-303 B,8390,7487,0,7117,4017,0,260.0,50.0,0.0,60.0,150.0,0.0,303.0,50.0,0.0,123.0,30.0,100.0
Q-57,414-475 B,8129,4554,0,7176,4174,0,414.0,20.0,0.0,162.0,232.0,0.0,475.0,50.0,0.0,243.0,182.0,0.0
Q-58,283-130 R,3415,7244,0,7350,6081,0,283.0,50.0,0.0,63.0,120.0,50.0,130.0,50.0,0.0,0.0,80.0,0.0
Q-59,631-375 R,3540,6022,0,6037,4347,0,631.0,80.0,0.0,339.0,202.0,10.0,375.0,80.0,0.0,123.0,162.0,10.0
Q-60,385-479 B,5272,3085,0,8498,5602,0,385.0,50.0,0.0,265.0,70.0,0.0,479.0,50.0,0.0,137.0,242.0,50.0
Q-61,567-286 R,5069,40,0,6955,9372,0,567.0,110.0,0.0,247.0,210.0,0.0,286.0,20.0,0.0,30.0,226.0,10.0
Q-62,311-492 B,4082,5414,0,8645,8521,0,311.0,20.0,0.0,45.0,186.0,60.0,492.0,140.0,0.0,150.0,202.0,0.0
Q-63,581-100 R,519,310,0,5017,6700,0,581.0,80.0,0.0,279.0,222.0,0.0,100.0,20.0,0.0,0.0,30.0,50.0
Q-64,482-640 B,4347,7117,0,4174,7244,0,482.0,20.0,0.0,180.0,232.0,50.0,640.0,110.0,0.0,258.0,262.0,10.0
Q-65,400-458 B,8405,6081,0,4554,5602,0,400.0,50.0,0.0,150.0,10.0,190.0,458.0,50.0,0.0,222.0,186.0,0.0
Q-66,310-350 B,6955,8129,0,8498,6037,0,310.0,50.0,0.0,60.0,200.0,0.0,350.0,50.0,0.0,100.0,190.0,10.0
Q-67,232-661 B,5319,5272,0,6022,40,0,232.0,20.0,0.0,162.0,50.0,0.0,661.0,50.0,0.0,339.0,242.0,30.0
Q-68,403-90 R,519,8645,0,7176,4017,0,403.0,80.0,0.0,243.0,30.0,50.0,90.0,20.0,0.0,60.0,10.0,0.0
Q-69,476-466 R,4082,5017,0,7350,154,0,476.0,50.0,0.0,164.0,262.0,0.0,466.0,20.0,0.0,204.0,242.0,0.0
Q-70,152-149 R,5414,7487,0,310,8227,0,152.0,50.0,0.0,12.0,40.0,50.0,149.0,0.0,0.0,59.0,90.0,0.0
Q-71,314-336 B,8390,3540,0,9372,3085,0,314.0,100.0,0.0,154.0,60.0,0.0,336.0,70.0,0.0,114.0,152.0,0.0
Q-72,422-407 R,5069,8521,0,3415,6700,0,422.0,80.0,0.0,180.0,152.0,10.0,407.0,110.0,0.0,87.0,150.0,60.0
Q-73,234-351 B,8405,8129,0,519,6022,0,234.0,20.0,0.0,124.0,90.0,0.0,351.0,50.0,0.0,149.0,132.0,20.0
Q-74,219-426 B,7244,4082,0,8498,7176,0,219.0,50.0,0.0,109.0,50.0,10.0,426.0,20.0,0.0,110.0,226.0,70.0
Q-75,50-563 B,7117,310,0,6955,6081,0,50.0,20.0,0.0,0.0,10.0,20.0,563.0,50.0,0.0,301.0,212.0,0.0
Q-76,344-400 B,5017,6037,0,4554,9372,0,344.0,50.0,0.0,12.0,282.0,0.0,400.0,110.0,0.0,48.0,232.0,10.0
Q-77,392-330 R,4017,5602,0,5069,5319,0,392.0,20.0,0.0,90.0,252.0,30.0,330.0,0.0,0.0,78.0,202.0,50.0
Q-78,490-561 B,4174,3085,0,40,154,0,490.0,160.0,0.0,132.0,188.0,10.0,561.0,20.0,0.0,319.0,222.0,0.0
Q-79,157-496 B,3415,8227,0,3540,8645,0,157.0,50.0,0.0,87.0,20.0,0.0,496.0,50.0,0.0,204.0,242.0,0.0
Q-80,397-509 B,4347,6700,0,8390,5414,0,397.0,110.0,0.0,105.0,182.0,0.0,509.0,110.0,0.0,173.0,166.0,60.0
Q-81,312-282 R,8521,7350,0,5272,7487,0,312.0,110.0,0.0,0.0,202.0,0.0,282.0,20.0,0.0,90.0,172.0,0.0
SF-1-1,328-501 B,6022,3085,4174,4017,6081,5319,328.0,50.0,0.0,112.0,146.0,20.0,501.0,50.0,0.0,275.0,176.0,0.0
SF-1-2,682-618 R,6022,3085,4174,4017,6081,5319,682.0,110.0,0.0,344.0,198.0,30.0,618.0,80.0,0.0,302.0,226.0,10.0
SF-1-3,772-306 R,6022,3085,4174,4017,6081,5319,772.0,140.0,0.0,252.0,120.0,260.0,306.0,20.0,0.0,66.0,120.0,100.0
SF-2-1,563-367 R,519,5414,5069,8498,154,3415,563.0,80.0,0.0,241.0,242.0,0.0,367.0,50.0,0.0,197.0,110.0,10.0
SF-2-2,371-362 R,519,5414,5069,8498,154,3415,371.0,50.0,0.0,183.0,138.0,0.0,362.0,20.0,0.0,182.0,60.0,100.0
F-1,554-574 B,6022,3085,4174,519,5414,5069,554.0,50.0,0.0,252.0,182.0,70.0,574.0,140.0,0.0,246.0,188.0,0.0
F-2,658-362 R,6022,3085,4174,519,5414,5069,658.0,140.0,0.0,328.0,190.0,0.0,362.0,50.0,0.0,122.0,190.0,0.0
F-3,717-430 R,6022,3085,4174,519,5414,5069,717.0,110.0,0.0,375.0,232.0,0.0,430.0,80.0,0.0,132.0,168.0,50.0