Division,0
Teams,36
Number,Name,School,City,State,Country
6389,The Lazybotts,,,,
4251,Cougar Robotics,,,,
4530,Infinite Resistance,,,,
6133,The NUTS!,,,,
7655,The Q is Silqent,,,,
5140,WACO Aerobotics,,,,
5200,Robots Incorporated,,,,
5391,Enigma Puzzlers,,,,
7152,Robot Squad,,,,
8579,Classical Engineers,,,,
5250,Loading...,,,,
3409,Astromechs,,,,
5037,got robot?,,,,
7229,BZ Bots,,,,
5975,CYBOTS,,,,
6377,The Other Guys,,,,
8743,Raw Bacon,,,,
9041,The Chain Gang,,,,
7351,Dynamic Signals,,,,
4149,Terabytes,,,,
6440,The Metallic Controllers,,,,
3785,Beastie Bots,,,,
8686,Height Differential,,,,
6965,Westwood Robotics Alliance,,,,
6134,Black Frogs,,,,
9430,Typhoons,,,,
7828,Robo Ducks,,,,
4272,MechaMETROZilla,,,,
8688,JrVIBOTS,,,,
5119,Baryons,,,,
5384,Emergency Situation Evacuate NOW!! a Code Red Robotics team,,,,
3664,Girls With Attitude,,,,
7234,Cville-ized Botman,,,,
4507,RoboChargers,,,,
4324,Lost in Time,,,,
5080,Fiery Ghost Peppers?,,,,
Rank,Number,Name,QP,RP,Highest,Matches
1,6389,The Lazybotts,16,1737,737,8
2,4251,Cougar Robotics,14,2452,743,8
3,4530,Infinite Resistance,13,2659,684,8
4,6133,The NUTS!,12,2582,743,8
5,7655,The Q is Silqent,12,1514,470,8
6,5140,WACO Aerobotics,11,2504,694,8
7,5200,Robots Incorporated,11,2332,617,8
8,5391,Enigma Puzzlers,11,1924,542,8
9,7152,Robot Squad,10,2618,651,8
10,8579,Classical Engineers,10,2499,691,8
11,5250,Loading...,10,2465,526,8
12,3409,Astromechs,10,2287,585,8
13,5037,got robot?,10,2127,579,8
14,7229,BZ Bots,10,2108,571,8
15,5975,CYBOTS,8,2447,591,8
16,6377,The Other Guys,8,1936,633,8
17,8743,Raw Bacon,8,1904,563,8
18,9041,The Chain Gang,8,1893,642,8
19,7351,Dynamic Signals,8,1869,462,8
20,4149,Terabytes,8,1828,651,8
21,6440,The Metallic Controllers,8,1612,603,8
22,3785,Beastie Bots,8,1608,405,8
23,8686,Height Differential,8,1556,540,8
24,6965,Westwood Robotics Alliance,6,2374,579,8
25,6134,Black Frogs,6,2246,517,8
26,9430,Typhoons,6,2220,526,8
27,7828,Robo Ducks,6,1705,453,8
28,4272,MechaMETROZilla,6,1603,477,8
29,8688,JrVIBOTS,4,1938,456,8
30,5119,Baryons,4,1859,526,8
31,5384,Emergency Situation Evacuate NOW!! a Code Red Robotics team,4,1832,482,8
32,3664,Girls With Attitude,4,1584,422,8
33,7234,Cville-ized Botman,4,1129,494,8
34,4507,RoboChargers,2,2273,617,8
35,4324,Lost in Time,2,2155,466,8
36,5080,Fiery Ghost Peppers?,2,1841,601,8
Name,Result,Red0,Red1,Red2,Blue0,Blue1,Blue2,RedTot,RedAuto,RedAutoB,RedTele,RedEndG,RedPen,BlueTot,BlueRedAuto,BlueAutoB,BlueTele,BlueEndG,BluePen
Q-1,422-467 B,6965,3664,0,5119,5140,0,422.0,20.0,0.0,0.0,192.0,210.0,467.0,20.0,0.0,165.0,182.0,100.0
Q-2,651-256 R,7152,4149,0,8688,5080,0,651.0,90.0,0.0,309.0,252.0,0.0,256.0,20.0,0.0,6.0,150.0,80.0
Q-3,514-110 R,6133,6377,0,5391,7828,0,514.0,20.0,0.0,162.0,232.0,100.0,110.0,0.0,0.0,40.0,20.0,50.0
Q-4,148-237 B,5384,7234,0,8686,6389,0,148.0,20.0,0.0,18.0,60.0,50.0,237.0,20.0,0.0,69.0,148.0,0.0
Q-5,407-549 B,4507,9430,0,7229,5037,0,407.0,80.0,0.0,197.0,80.0,50.0,549.0,50.0,0.0,127.0,222.0,150.0
Q-6,305-342 B,5200,7351,0,4251,6134,0,305.0,70.0,0.0,165.0,50.0,20.0,342.0,50.0,0.0,66.0,216.0,10.0
Q-7,405-470 B,5975,8579,0,5250,7655,0,405.0,70.0,0.0,225.0,60.0,50.0,470.0,80.0,0.0,210.0,140.0,40.0
Q-8,343-126 R,3785,4272,0,6440,8743,0,343.0,50.0,0.0,111.0,182.0,0.0,126.0,20.0,0.0,66.0,30.0,10.0
Q-9,350-561 B,4324,9041,0,3409,4530,0,350.0,70.0,0.0,160.0,70.0,50.0,561.0,50.0,0.0,323.0,148.0,40.0
Q-10,267-453 B,4149,6134,0,7828,5037,0,267.0,50.0,0.0,117.0,90.0,10.0,453.0,40.0,0.0,207.0,206.0,0.0
Q-11,526-150 R,5119,9430,0,7234,7351,0,526.0,50.0,0.0,210.0,196.0,70.0,150.0,20.0,0.0,0.0,120.0,10.0
Q-12,116-429 B,8686,3664,0,6133,4272,0,116.0,20.0,0.0,36.0,60.0,0.0,429.0,50.0,0.0,261.0,118.0,0.0
Q-13,466-309 R,4251,4324,0,5250,8688,0,466.0,70.0,0.0,270.0,116.0,10.0,309.0,20.0,0.0,69.0,220.0,0.0
Q-14,323-591 B,6965,5384,0,5975,6377,0,323.0,0.0,0.0,87.0,236.0,0.0,591.0,80.0,0.0,259.0,202.0,50.0
Q-15,298-394 B,5080,4507,0,3785,8579,0,298.0,50.0,0.0,168.0,30.0,50.0,394.0,40.0,0.0,64.0,190.0,100.0
Q-16,539-250 R,6389,3409,0,7229,7655,0,539.0,140.0,0.0,179.0,220.0,0.0,250.0,50.0,0.0,60.0,90.0,50.0
Q-17,331-490 B,6440,9041,0,8743,7152,0,331.0,20.0,0.0,211.0,70.0,30.0,490.0,80.0,0.0,170.0,190.0,50.0
Q-18,542-542 T,5200,5140,0,4530,5391,0,542.0,20.0,0.0,262.0,170.0,90.0,542.0,20.0,0.0,296.0,226.0,0.0
Q-19,512-342 R,8579,4149,0,6965,4272,0,512.0,80.0,0.0,308.0,124.0,0.0,342.0,0.0,0.0,136.0,206.0,0.0
Q-20,424-226 R,3409,8688,0,3785,7351,0,424.0,140.0,0.0,72.0,202.0,10.0,226.0,20.0,0.0,0.0,156.0,50.0
Q-21,100-410 B,7655,7234,0,6440,6133,0,100.0,20.0,0.0,0.0,30.0,50.0,410.0,80.0,0.0,310.0,0.0,20.0
Q-22,256-414 B,5119,5080,0,5391,6389,0,256.0,50.0,0.0,108.0,98.0,0.0,414.0,50.0,0.0,162.0,192.0,10.0
Q-23,633-481 R,7152,6377,0,6134,4507,0,633.0,110.0,0.0,201.0,262.0,60.0,481.0,50.0,0.0,281.0,150.0,0.0
Q-24,526-396 R,5250,8743,0,5140,5037,0,526.0,110.0,0.0,114.0,252.0,50.0,396.0,70.0,0.0,206.0,120.0,0.0
Q-25,160-579 B,7229,7828,0,4251,4530,0,160.0,50.0,0.0,0.0,60.0,50.0,579.0,80.0,0.0,267.0,232.0,0.0
Q-26,525-244 R,8686,5200,0,5975,4324,0,525.0,80.0,0.0,249.0,196.0,0.0,244.0,0.0,0.0,174.0,70.0,0.0
Q-27,198-314 B,3664,5384,0,9041,9430,0,198.0,20.0,0.0,0.0,178.0,0.0,314.0,120.0,0.0,114.0,60.0,20.0
Q-28,288-405 B,7152,5119,0,5250,3785,0,288.0,20.0,0.0,36.0,232.0,0.0,405.0,70.0,0.0,197.0,98.0,40.0
Q-29,694-423 R,5140,6389,0,4251,4272,0,694.0,130.0,0.0,332.0,232.0,0.0,423.0,20.0,0.0,171.0,172.0,60.0
Q-30,540-456 R,8686,4530,0,8688,6965,0,540.0,120.0,0.0,320.0,100.0,0.0,456.0,50.0,0.0,144.0,262.0,0.0
Q-31,353-218 R,3664,5391,0,7234,7229,0,353.0,20.0,0.0,183.0,0.0,150.0,218.0,20.0,0.0,46.0,152.0,0.0
Q-32,617-585 R,5200,4507,0,3409,6133,0,617.0,50.0,0.0,331.0,236.0,0.0,585.0,140.0,0.0,295.0,150.0,0.0
Q-33,376-100 R,7655,6134,0,5080,5384,0,376.0,50.0,0.0,216.0,60.0,50.0,100.0,40.0,0.0,0.0,40.0,20.0
Q-34,380-252 R,8743,7828,0,8579,9430,0,380.0,50.0,0.0,78.0,252.0,0.0,252.0,80.0,0.0,112.0,60.0,0.0
Q-35,338-576 B,5975,7351,0,4149,9041,0,338.0,20.0,0.0,240.0,68.0,10.0,576.0,140.0,0.0,316.0,110.0,10.0
Q-36,274-269 R,5037,6440,0,4324,6377,0,274.0,50.0,0.0,194.0,30.0,0.0,269.0,20.0,0.0,69.0,90.0,90.0
Q-37,293-136 R,5384,3409,0,5119,4272,0,293.0,20.0,0.0,87.0,186.0,0.0,136.0,20.0,0.0,48.0,58.0,10.0
Q-38,658-517 R,4530,8579,0,6134,6133,0,658.0,70.0,0.0,236.0,282.0,70.0,517.0,80.0,0.0,195.0,242.0,0.0
Q-39,122-264 B,5200,3785,0,3664,6389,0,122.0,50.0,0.0,22.0,0.0,50.0,264.0,0.0,0.0,204.0,30.0,30.0
Q-40,400-304 R,5391,5250,0,6440,4507,0,400.0,50.0,0.0,230.0,120.0,0.0,304.0,50.0,0.0,84.0,70.0,100.0
Q-41,257-404 B,8688,8743,0,7229,5975,0,257.0,20.0,0.0,69.0,168.0,0.0,404.0,50.0,0.0,334.0,20.0,0.0
Q-42,251-601 B,9430,4324,0,5140,5080,0,251.0,20.0,0.0,141.0,90.0,0.0,601.0,50.0,0.0,249.0,292.0,10.0
Q-43,302-115 R,7234,4251,0,4149,6377,0,302.0,80.0,0.0,0.0,222.0,0.0,115.0,20.0,0.0,75.0,20.0,0.0
Q-44,322-213 R,9041,7655,0,7828,6965,0,322.0,70.0,0.0,242.0,10.0,0.0,213.0,50.0,0.0,93.0,70.0,0.0
Q-45,329-130 R,5037,7351,0,8686,7152,0,329.0,40.0,0.0,93.0,196.0,0.0,130.0,20.0,0.0,40.0,70.0,0.0
Q-46,603-358 R,4530,6440,0,5080,5975,0,603.0,50.0,0.0,311.0,232.0,10.0,358.0,20.0,0.0,258.0,80.0,0.0
Q-47,204-436 B,4272,8688,0,5200,9430,0,204.0,20.0,0.0,54.0,130.0,0.0,436.0,80.0,0.0,206.0,150.0,0.0
Q-48,563-170 R,4149,8743,0,4507,3664,0,563.0,80.0,0.0,279.0,154.0,50.0,170.0,40.0,0.0,0.0,130.0,0.0
Q-49,285-212 R,5391,7351,0,5384,8579,0,285.0,20.0,0.0,165.0,100.0,0.0,212.0,40.0,0.0,62.0,110.0,0.0
Q-50,743-478 R,6133,4251,0,5037,5119,0,743.0,140.0,0.0,281.0,272.0,50.0,478.0,80.0,0.0,156.0,232.0,10.0
Q-51,268-424 B,9041,6134,0,6389,5250,0,268.0,50.0,0.0,22.0,146.0,50.0,424.0,20.0,0.0,248.0,146.0,10.0
Q-52,454-382 R,6965,7229,0,3785,4324,0,454.0,50.0,0.0,238.0,166.0,0.0,382.0,50.0,0.0,92.0,190.0,50.0
Q-53,250-398 B,6377,8686,0,5140,7655,0,250.0,110.0,0.0,50.0,30.0,60.0,398.0,20.0,0.0,278.0,20.0,80.0
Q-54,494-348 R,7234,7152,0,7828,3409,0,494.0,140.0,0.0,112.0,242.0,0.0,348.0,50.0,0.0,118.0,130.0,50.0
Q-55,227-478 B,9041,5119,0,5200,8579,0,227.0,50.0,0.0,27.0,100.0,50.0,478.0,20.0,0.0,246.0,212.0,0.0
Q-56,737-324 R,6133,6389,0,4324,4149,0,737.0,140.0,0.0,275.0,252.0,70.0,324.0,50.0,0.0,112.0,162.0,0.0
Q-57,323-260 R,7655,3785,0,4530,5037,0,323.0,50.0,0.0,213.0,60.0,0.0,260.0,50.0,0.0,110.0,100.0,0.0
Q-58,477-120 R,4272,5975,0,4507,7234,0,477.0,100.0,0.0,227.0,100.0,50.0,120.0,20.0,0.0,0.0,100.0,0.0
Q-59,310-226 R,3409,6134,0,8743,8686,0,310.0,80.0,0.0,50.0,170.0,10.0,226.0,80.0,0.0,86.0,40.0,20.0
Q-60,382-462 B,5250,5080,0,6377,7351,0,382.0,20.0,0.0,70.0,292.0,0.0,462.0,50.0,0.0,138.0,254.0,20.0
Q-61,406-573 B,5391,9430,0,4251,6965,0,406.0,50.0,0.0,256.0,100.0,0.0,573.0,110.0,0.0,201.0,252.0,10.0
Q-62,254-202 R,8688,7828,0,6440,3664,0,254.0,20.0,0.0,74.0,150.0,10.0,202.0,20.0,0.0,132.0,50.0,0.0
Q-63,482-571 B,5384,5140,0,7229,7152,0,482.0,50.0,0.0,262.0,170.0,0.0,571.0,20.0,0.0,189.0,292.0,70.0
Q-64,684-206 R,6389,4530,0,8743,6377,0,684.0,120.0,0.0,386.0,178.0,0.0,206.0,50.0,0.0,66.0,90.0,0.0
Q-65,116-210 B,4149,3785,0,8686,5391,0,116.0,20.0,0.0,56.0,40.0,0.0,210.0,20.0,0.0,30.0,110.0,50.0
Q-66,266-368 B,4272,4324,0,7351,7655,0,266.0,50.0,0.0,18.0,148.0,50.0,368.0,50.0,0.0,102.0,166.0,50.0
Q-67,295-232 R,6440,7229,0,5119,6134,0,295.0,0.0,0.0,75.0,220.0,0.0,232.0,20.0,0.0,0.0,182.0,30.0
Q-68,363-457 B,7828,5250,0,5200,5384,0,363.0,20.0,0.0,123.0,170.0,50.0,457.0,40.0,0.0,165.0,242.0,10.0
Q-69,560-472 R,5975,6133,0,9430,7152,0,560.0,140.0,0.0,178.0,222.0,20.0,472.0,140.0,0.0,140.0,182.0,10.0
Q-70,579-100 R,6965,5037,0,5080,7234,0,579.0,70.0,0.0,303.0,206.0,0.0,100.0,20.0,0.0,20.0,50.0,10.0
Q-71,198-642 B,4507,8688,0,5140,9041,0,198.0,50.0,0.0,18.0,90.0,40.0,642.0,110.0,0.0,326.0,206.0,0.0
Q-72,691-406 R,4251,8579,0,3409,3664,0,691.0,110.0,0.0,279.0,292.0,10.0,406.0,110.0,0.0,94.0,192.0,10.0
SF-1-1,603-202 R,6389,4530,5250,5140,4149,5200,603.0,80.0,0.0,261.0,252.0,10.0,202.0,50.0,0.0,112.0,30.0,10.0
SF-1-2,580-439 R,6389,4530,5250,5140,4149,5200,580.0,0.0,0.0,294.0,276.0,10.0,439.0,50.0,0.0,215.0,174.0,0.0
SF-2-1,729-296 R,4251,6133,5975,7655,7152,3409,729.0,170.0,0.0,317.0,232.0,10.0,296.0,80.0,0.0,176.0,40.0,0.0
SF-2-2,495-318 R,4251,6133,5975,7655,7152,3409,495.0,50.0,0.0,247.0,188.0,10.0,318.0,50.0,0.0,114.0,104.0,50.0
F-1,483-539 B,6389,4530,5250,4251,6133,5975,483.0,20.0,0.0,261.0,202.0,0.0,539.0,50.0,0.0,227.0,212.0,50.0
F-2,574-644 B,6389,4530,5250,4251,6133,5975,574.0,110.0,0.0,288.0,176.0,0.0,644.0,180.0,0.0,252.0,192.0,20.0